0 1 0
1 1.1962311988513155 0
2 1.4309690811052553 0
3 1.7117698594097048 0
4 2.047672511079219 0
5 2.4494897427831774 0
6 2.9301560515835208 0
7 3.505144086407192 0
8 4.192962712629474 0
9 5.015752812467619 0
10 5.999999999999997 6
11 7.177387193107889 23
12 8.585814486631529 24
13 10.270619156458226 45
14 12.28603506647531 52
15 14.696938456699062 57
16 17.58093630950112 64
17 21.030864518443146 79
18 25.157776275776836 106
19 30.094516874805706 118
20 35.99999999999997 122
21 43.06432315864732 126
22 51.51488691978915 145
23 61.62371493874932 167
24 73.71621039885181 178
25 88.18163074019431 179
26 105.48561785700664 180
27 126.18518711065879 196
28 150.94665765466092 203
29 180.56710124883412 212
30 215.9999999999997 261
31 258.38593895188376 319
32 309.0893215187347 344
33 369.7422896324957 367
34 442.29726239311066 425
35 529.0897844411656 510
36 632.9137071420397 528
37 757.1111226639525 627
38 905.6799459279653 654
39 1083.4026074930046 673
40 1295.999999999998 862
41 1550.3156337113023 885
42 1854.535929112408 1364
43 2218.453737794974 1438
44 2653.783574358664 1667
